    0.10000000    11.39505007
    0.10980000     8.76898142
    0.11960000     6.67833146
    0.12940000     5.25605895
    0.13920000     4.24407230
    0.14900000     3.70426829
    0.15880000     3.11804257
    0.16860000     2.66705915
    0.17840000     2.31390695
    0.18820000     2.03252316
    0.19800000     1.80481201
    0.20780000     1.76127843
    0.21760000     1.59391759
    0.22740000     1.45304022
    0.23720000     1.33320092
    0.24700000     1.23015539
    0.25680000     1.14080955
    0.26660000     1.06305281
    0.27640000     0.99419513
    0.28620000     0.93307974
    0.29600000     0.87848432
    0.30580000     0.89162672
    0.31560000     0.84616794
    0.32540000     0.80301077
    0.33520000     0.76359497
    0.34500000     0.72732906
    0.35480000     0.69395995
    0.36460000     0.66310982
    0.37440000     0.63473558
    0.38420000     0.60813810
    0.39400000     0.58333398
    0.40380000     0.57843694
    0.41360000     0.55932172
    0.42340000     0.53823959
    0.43320000     0.51830064
    0.44300000     0.49958550
    0.45280000     0.48181720
    0.46260000     0.46501672
    0.47240000     0.44925630
    0.48220000     0.43412574
    0.49200000     0.41975028
    0.50180000     0.41133978
    0.51160000     0.40122127
    0.52140000     0.38892376
    0.53120000     0.37687936
    0.54100000     0.36536819
    0.55080000     0.35428211
    0.56060000     0.34366778
    0.57040000     0.33365314
    0.58020000     0.32390669
    0.59000000     0.31454466
    0.59980000     0.30555138
    0.60960000     0.30035724
    0.61940000     0.29233415
    0.62920000     0.28430878
    0.63900000     0.27654325
    0.64880000     0.26907355
    0.65860000     0.26183506
    0.66840000     0.25485478
    0.67820000     0.24826566
    0.68800000     0.24177162
    0.69780000     0.23549349
    0.70760000     0.23073348
    0.71740000     0.22522787
    0.72720000     0.21952301
    0.73700000     0.21409612
    0.74680000     0.20875360
    0.75660000     0.20361685
    0.76640000     0.19860851
    0.77620000     0.19390025
    0.78600000     0.18919712
    0.79580000     0.18464829
    0.80560000     0.18162842
    0.81540000     0.17770830
    0.82520000     0.17350830
    0.83500000     0.16952390
    0.84480000     0.16556751
    0.85460000     0.16175766
    0.86440000     0.15802588
    0.87420000     0.15454396
    0.88400000     0.15101965
    0.89380000     0.14759484
    0.90360000     0.14427437
    0.91340000     0.14145421
    0.92320000     0.13829789
    0.93300000     0.13531898
    0.94280000     0.13233069
    0.95260000     0.12945457
    0.96240000     0.12662411
    0.97220000     0.12401341
    0.98200000     0.12132841
    0.99180000     0.11871381
    1.00160000     0.11661098
    1.01140000     0.11412727
    1.02120000     0.11170120
    1.03100000     0.10942879
    1.04080000     0.10712304
    1.05060000     0.10487552
    1.06040000     0.10271349
    1.07020000     0.10072430
    1.08000000     0.09863784
    1.08980000     0.09660288
    1.09960000     0.09461934
    1.10940000     0.09268269
    1.11920000     0.09079901
    1.12900000     0.08901402
    1.13880000     0.08721333
    1.14860000     0.08545553
    1.15840000     0.08391994
    1.16820000     0.08224123
    1.17800000     0.08060277
    1.18780000     0.07900188
    1.19760000     0.07743828
    1.20740000     0.07591237
    1.21720000     0.07442591
    1.22700000     0.07302728
    1.23680000     0.07160164
    1.24660000     0.07020844
    1.25640000     0.06902950
    1.26620000     0.06769517
    1.27600000     0.06639080
    1.28580000     0.06511557
    1.29560000     0.06386943
    1.30540000     0.06265162
    1.31520000     0.06151995
    1.32500000     0.06035813
    1.33480000     0.05921644
    1.34460000     0.05809961
    1.35440000     0.05703430
    1.36420000     0.05596493
    1.37400000     0.05491869
    1.38380000     0.05389479
    1.39360000     0.05289419
    1.40340000     0.05191415
    1.41320000     0.05101530
    1.42300000     0.05007977
    1.43280000     0.04915882
    1.44260000     0.04825718
    1.45240000     0.04740136
    1.46220000     0.04653658
    1.47200000     0.04568972
    1.48180000     0.04486047
    1.49160000     0.04404962
    1.50140000     0.04331657
    1.51120000     0.04253679
    1.52100000     0.04177230
    1.53080000     0.04102828
    1.54060000     0.04032159
    1.55040000     0.03960218
    1.56020000     0.03889725
    1.57000000     0.03820648
    1.57980000     0.03752955
    1.58960000     0.03686749
    1.59940000     0.03621731
    1.60920000     0.03558053
    1.61900000     0.03495573
    1.62880000     0.03434804
    1.63860000     0.03377448
    1.64840000     0.03318533
    1.65820000     0.03260769
    1.66800000     0.03204129
    1.67780000     0.03148731
    1.68760000     0.03094265
    1.69740000     0.03040852
    1.70720000     0.02988468
    1.71700000     0.02937156
    1.72680000     0.02889948
    1.73660000     0.02840467
    1.74640000     0.02791930
    1.75620000     0.02744314
    1.76600000     0.02697601
    1.77580000     0.02651910
    1.78560000     0.02606942
    1.79540000     0.02562819
    1.80520000     0.02519524
    1.81500000     0.02477039
    1.82480000     0.02438574
    1.83460000     0.02397610
    1.84440000     0.02357407
    1.85420000     0.02317948
    1.86400000     0.02279360
    1.87380000     0.02241342
    1.88360000     0.02204023
    1.89340000     0.02167390
    1.90320000     0.02131427
    1.91300000     0.02098852
    1.92280000     0.02064650
    1.93260000     0.02030578
    1.94240000     0.01997117
    1.95220000     0.01964261
    1.96200000     0.01932138
    1.97180000     0.01900454
    1.98160000     0.01869340
    1.99140000     0.01838784
    2.00120000     0.01811532
    2.01100000     0.01782463
    2.02080000     0.01753467
    2.03060000     0.01725039
    2.04040000     0.01697073
    2.05020000     0.01669735
    2.06000000     0.01642741
    2.06980000     0.01616222
    2.07960000     0.01590170
    2.08940000     0.01564576
    2.09920000     0.01539431
    2.10900000     0.01515164
    2.11880000     0.01490885
    2.12860000     0.01467080
    2.13840000     0.01443638
    2.14820000     0.01420612
    2.15800000     0.01397977
    2.16780000     0.01375735
    2.17760000     0.01353876
    2.18740000     0.01332395
    2.19720000     0.01311283
    2.20700000     0.01290965
    2.21680000     0.01270565
    2.22660000     0.01250564
    2.23640000     0.01230856
    2.24620000     0.01211484
    2.25600000     0.01192449
    2.26580000     0.01173730
    2.27560000     0.01155329
    2.28540000     0.01137241
    2.29520000     0.01119888
    2.30500000     0.01102399
    2.31480000     0.01085206
    2.32460000     0.01068349
    2.33440000     0.01051727
    2.34420000     0.01035384
    2.35400000     0.01019322
    2.36380000     0.01003522
    2.37360000     0.00987985
    2.38340000     0.00972707
    2.39320000     0.00958108
    2.40300000     0.00943328
    2.41280000     0.00928793
    2.42260000     0.00914546
    2.43240000     0.00900487
    2.44220000     0.00886661
    2.45200000     0.00873062
    2.46180000     0.00859694
    2.47160000     0.00846539
    2.48140000     0.00834023
    2.49120000     0.00821290
    2.50100000     0.00808766
    2.51080000     0.00796446
    2.52060000     0.00784373
    2.53040000     0.00772451
    2.54020000     0.00760722
    2.55000000     0.00749184
    2.55980000     0.00737840
    2.56960000     0.00727095
    2.57940000     0.00716103
    2.58920000     0.00705288
    2.59900000     0.00694648
    2.60880000     0.00684226
    2.61860000     0.00673925
    2.62840000     0.00663789
    2.63820000     0.00653816
    2.64800000     0.00644003
    2.65780000     0.00634767
    2.66760000     0.00625266
    2.67740000     0.00615910
    2.68720000     0.00606703
    2.69700000     0.00597642
    2.70680000     0.00588771
    2.71660000     0.00579996
    2.72640000     0.00571360
    2.73620000     0.00562860
    2.74600000     0.00554914
    2.75580000     0.00546675
    2.76560000     0.00538573
    2.77540000     0.00530591
    2.78520000     0.00522736
    2.79500000     0.00515003
    2.80480000     0.00507437
    2.81460000     0.00499944
    2.82440000     0.00492571
    2.83420000     0.00485730
    2.84400000     0.00478578
    2.85380000     0.00471537
    2.86360000     0.00464613
    2.87340000     0.00457790
    2.88320000     0.00451074
    2.89300000     0.00444505
    2.90280000     0.00437995
    2.91260000     0.00431586
    2.92240000     0.00425692
    2.93220000     0.00419475
    2.94200000     0.00413353
    2.95180000     0.00407325
    2.96160000     0.00401396
    2.97140000     0.00395552
    2.98120000     0.00389842
    2.99100000     0.00384176
    3.00080000     0.00379017
    3.01060000     0.00373518
    3.02040000     0.00368103
    3.03020000     0.00362770
    3.04000000     0.00357520
    3.04980000     0.00352349
    3.05960000     0.00347263
    3.06940000     0.00342292
    3.07920000     0.00337353
    3.08900000     0.00332489
    3.09880000     0.00327699
    3.10860000     0.00322982
    3.11840000     0.00318337
    3.12820000     0.00313761
    3.13800000     0.00309256
    3.14780000     0.00304824
    3.15760000     0.00300452
    3.16740000     0.00296189
    3.17720000     0.00291948
    3.18700000     0.00287771
    3.19680000     0.00283657
    3.20660000     0.00279604
    3.21640000     0.00275612
    3.22620000     0.00271680
    3.23600000     0.00267808
    3.24580000     0.00263999
    3.25560000     0.00260283
    3.26540000     0.00256580
    3.27520000     0.00252933
    3.28500000     0.00249340
    3.29480000     0.00245801
    3.30460000     0.00242314
    3.31440000     0.00238879
    3.32420000     0.00235495
    3.33400000     0.00232211
    3.34380000     0.00228926
    3.35360000     0.00225690
    3.36340000     0.00222502
    3.37320000     0.00219361
    3.38300000     0.00216266
    3.39280000     0.00213217
    3.40260000     0.00210213
    3.41240000     0.00207253
    3.42220000     0.00204379
    3.43200000     0.00201512
    3.44180000     0.00198681
    3.45160000     0.00195891
    3.46140000     0.00193142
    3.47120000     0.00190433
    3.48100000     0.00187764
    3.49080000     0.00185134
    3.50060000     0.00182542
    3.51040000     0.00180031
    3.52020000     0.00177519
    3.53000000     0.00175040
    3.53980000     0.00172596
    3.54960000     0.00170188
    3.55940000     0.00167815
    3.56920000     0.00165476
    3.57900000     0.00163171
    3.58880000     0.00160900
    3.59860000     0.00158703
    3.60840000     0.00156502
    3.61820000     0.00154327
    3.62800000     0.00152185
    3.63780000     0.00150073
    3.64760000     0.00147992
    3.65740000     0.00145940
    3.66720000     0.00143919
    3.67700000     0.00141967
    3.68680000     0.00140003
    3.69660000     0.00138072
    3.70640000     0.00136164
    3.71620000     0.00134283
    3.72600000     0.00132430
    3.73580000     0.00130603
    3.74560000     0.00128802
    3.75540000     0.00127027
    3.76520000     0.00125318
    3.77500000     0.00123593
    3.78480000     0.00121898
    3.79460000     0.00120222
    3.80440000     0.00118569
    3.81420000     0.00116941
    3.82400000     0.00115336
    3.83380000     0.00113754
    3.84360000     0.00112235
    3.85340000     0.00110696
    3.86320000     0.00109180
    3.87300000     0.00107691
    3.88280000     0.00106217
    3.89260000     0.00104764
    3.90240000     0.00103332
    3.91220000     0.00101921
    3.92200000     0.00100570
    3.93180000     0.00099198
    3.94160000     0.00097845
    3.95140000     0.00096511
    3.96120000     0.00095201
    3.97100000     0.00093904
    3.98080000     0.00092626
    3.99060000     0.00091365
    4.00040000     0.00090165
    4.01020000     0.00088939
    4.02000000     0.00087731
    4.02980000     0.00086540
    4.03960000     0.00085365
    4.04940000     0.00084213
    4.05920000     0.00083071
    4.06900000     0.00081945
    4.07880000     0.00080835
    4.08860000     0.00079740
    4.09840000     0.00078662
    4.10820000     0.00077598
    4.11800000     0.00076549
    4.12780000     0.00075520
    4.13760000     0.00074500
    4.14740000     0.00073494
    4.15720000     0.00072502
    4.16700000     0.00071524
    4.17680000     0.00070560
    4.18660000     0.00069610
    4.19640000     0.00068673
    4.20620000     0.00067748
    4.21600000     0.00066842
    4.22580000     0.00065943
    4.23560000     0.00065056
    4.24540000     0.00064182
    4.25520000     0.00063320
    4.26500000     0.00062470
    4.27480000     0.00061632
    4.28460000     0.00060805
    4.29440000     0.00059995
    4.30420000     0.00059191
    4.31400000     0.00058398
    4.32380000     0.00057616
    4.33360000     0.00056845
    4.34340000     0.00056085
    4.35320000     0.00055335
    4.36300000     0.00054596
    4.37280000     0.00053866
    4.38260000     0.00053152
    4.39240000     0.00052443
    4.40220000     0.00051743
    4.41200000     0.00051053
    4.42180000     0.00050372
    4.43160000     0.00049701
    4.44140000     0.00049039
    4.45120000     0.00048386
    4.46100000     0.00047748
    4.47080000     0.00047112
    4.48060000     0.00046486
    4.49040000     0.00045868
    4.50020000     0.00045258
    4.51000000     0.00044657
    4.51980000     0.00044064
    4.52960000     0.00043479
    4.53940000     0.00042909
    4.54920000     0.00042340
    4.55900000     0.00041778
    4.56880000     0.00041225
    4.57860000     0.00040679
    4.58840000     0.00040140
    4.59820000     0.00039609
    4.60800000     0.00039085
    4.61780000     0.00038574
    4.62760000     0.00038064
    4.63740000     0.00037561
    4.64720000     0.00037065
    4.65700000     0.00036575
    4.66680000     0.00036093
    4.67660000     0.00035616
    4.68640000     0.00035147
    4.69620000     0.00034688
    4.70600000     0.00034232
    4.71580000     0.00033781
    4.72560000     0.00033336
    4.73540000     0.00032897
    4.74520000     0.00032465
    4.75500000     0.00032037
    4.76480000     0.00031616
    4.77460000     0.00031206
    4.78440000     0.00030797
    4.79420000     0.00030392
    4.80400000     0.00029993
    4.81380000     0.00029599
    4.82360000     0.00029211
    4.83340000     0.00028828
    4.84320000     0.00028450
    4.85300000     0.00028082
    4.86280000     0.00027714
    4.87260000     0.00027352
    4.88240000     0.00026994
    4.89220000     0.00026641
    4.90200000     0.00026292
    4.91180000     0.00025948
    4.92160000     0.00025609
    4.93140000     0.00025280
    4.94120000     0.00024949
    4.95100000     0.00024624
    4.96080000     0.00024303
    4.97060000     0.00023986
    4.98040000     0.00023673
    4.99020000     0.00023364
