    0.50000000     0.00000031
    0.50900000     0.23131585
    0.51800000     0.35334318
    0.52700000     0.42471306
    0.53600000     0.47301687
    0.54500000     0.50998769
    0.55400000     0.54066628
    0.56300000     0.55368643
    0.57200000     0.57838790
    0.58100000     0.60556448
    0.59000000     0.64039216
    0.59900000     0.68905304
    0.60800000     0.76422373
    0.61700000     0.89593541
    0.62600000     0.87493357
    0.63500000     0.72986496
    0.64400000     0.64305576
    0.65300000     0.58336092
    0.66200000     0.53842189
    0.67100000     0.50259752
    0.68000000     0.47284280
    0.68900000     0.44738779
    0.69800000     0.42546908
    0.70700000     0.40567480
    0.71600000     0.38785375
    0.72500000     0.37164815
    0.73400000     0.35680832
    0.74300000     0.35157576
    0.75200000     0.33914134
    0.76100000     0.32659268
    0.77000000     0.31490500
    0.77900000     0.30409617
    0.78800000     0.29391216
    0.79700000     0.28425629
    0.80600000     0.27514214
    0.81500000     0.26657822
    0.82400000     0.25840385
    0.83300000     0.25092377
    0.84200000     0.24353002
    0.85100000     0.23648392
    0.86000000     0.22975954
    0.86900000     0.22438195
    0.87800000     0.21819828
    0.88700000     0.21227490
    0.89600000     0.20677542
    0.90500000     0.20131853
    0.91400000     0.19607554
    0.92300000     0.19108531
    0.93200000     0.18623171
    0.94100000     0.18182891
    0.95000000     0.17731666
    0.95900000     0.17296422
    0.96800000     0.16876317
    0.97700000     0.16575266
    0.98600000     0.16180568
    0.99500000     0.15798051
    1.00400000     0.15445525
    1.01300000     0.15087000
    1.02200000     0.14739859
    1.03100000     0.14408129
    1.04000000     0.14109459
    1.04900000     0.13792917
    1.05800000     0.13485764
    1.06700000     0.13187723
    1.07600000     0.12898406
    1.08500000     0.12617688
    1.09400000     0.12345643
    1.10300000     0.12080428
    1.11200000     0.11832258
    1.12100000     0.11581429
    1.13000000     0.11337446
    1.13900000     0.11131978
    1.14800000     0.10900278
    1.15700000     0.10674732
    1.16600000     0.10455228
    1.17500000     0.10241342
    1.18400000     0.10033199
    1.19300000     0.09830175
    1.20200000     0.09633095
    1.21100000     0.09449771
    1.22000000     0.09261513
    1.22900000     0.09077918
    1.23800000     0.08931056
    1.24700000     0.08755632
    1.25600000     0.08584460
    1.26500000     0.08417406
    1.27400000     0.08254438
    1.28300000     0.08095241
    1.29200000     0.07940000
    1.30100000     0.07797950
    1.31000000     0.07650214
    1.31900000     0.07505166
    1.32800000     0.07363448
    1.33700000     0.07228928
    1.34600000     0.07093517
    1.35500000     0.06961156
    1.36400000     0.06831774
    1.37300000     0.06705257
    1.38200000     0.06581542
    1.39100000     0.06460839
    1.40000000     0.06352292
    1.40900000     0.06236338
    1.41800000     0.06123579
    1.42700000     0.06012574
    1.43600000     0.05907841
    1.44500000     0.05801473
    1.45400000     0.05697366
    1.46300000     0.05595455
    1.47200000     0.05495687
    1.48100000     0.05398220
    1.49000000     0.05302570
    1.49900000     0.05218827
    1.50800000     0.05126905
    1.51700000     0.05037525
    1.52600000     0.04949326
    1.53500000     0.04866762
    1.54400000     0.04782055
    1.55300000     0.04699059
    1.56200000     0.04617732
    1.57100000     0.04538035
    1.58000000     0.04460129
    1.58900000     0.04383583
    1.59800000     0.04308542
    1.60700000     0.04235056
    1.61600000     0.04163568
    1.62500000     0.04092853
    1.63400000     0.04027315
    1.64300000     0.03959269
    1.65200000     0.03892541
    1.66100000     0.03827100
    1.67000000     0.03762916
    1.67900000     0.03700158
    1.68800000     0.03638403
    1.69700000     0.03577825
    1.70600000     0.03518404
    1.71500000     0.03460775
    1.72400000     0.03407376
    1.73300000     0.03351172
    1.74200000     0.03296020
    1.75100000     0.03241896
    1.76000000     0.03188778
    1.76900000     0.03136842
    1.77800000     0.03085670
    1.78700000     0.03035440
    1.79600000     0.02986133
    1.80500000     0.02937729
    1.81400000     0.02894732
    1.82300000     0.02848009
    1.83200000     0.02802134
    1.84100000     0.02757089
    1.85000000     0.02712857
    1.85900000     0.02669620
    1.86800000     0.02626962
    1.87700000     0.02585066
    1.88600000     0.02543919
    1.89500000     0.02503505
    1.90400000     0.02463808
    1.91300000     0.02429210
    1.92200000     0.02390904
    1.93100000     0.02353220
    1.94000000     0.02316186
    1.94900000     0.02280001
    1.95800000     0.02244249
    1.96700000     0.02209121
    1.97600000     0.02174604
    1.98500000     0.02140686
    1.99400000     0.02107356
    2.00300000     0.02078449
    2.01200000     0.02046762
    2.02100000     0.02015123
    2.03000000     0.01983962
    2.03900000     0.01953344
    2.04800000     0.01923440
    2.05700000     0.01893845
    2.06600000     0.01864754
    2.07500000     0.01836156
    2.08400000     0.01808042
    2.09300000     0.01780403
    2.10200000     0.01753789
    2.11100000     0.01727065
    2.12000000     0.01700851
    2.12900000     0.01675015
    2.13800000     0.01649610
    2.14700000     0.01624638
    2.15600000     0.01600072
    2.16500000     0.01575916
    2.17400000     0.01552158
    2.18300000     0.01528793
    2.19200000     0.01505814
    2.20100000     0.01483762
    2.21000000     0.01461525
    2.21900000     0.01439714
    2.22800000     0.01418200
    2.23700000     0.01397037
    2.24600000     0.01376228
    2.25500000     0.01355749
    2.26400000     0.01335603
    2.27300000     0.01315784
    2.28200000     0.01296287
    2.29100000     0.01277649
    2.30000000     0.01258768
    2.30900000     0.01240191
    2.31800000     0.01221972
    2.32700000     0.01203985
    2.33600000     0.01186287
    2.34500000     0.01168872
    2.35400000     0.01151743
    2.36300000     0.01134879
    2.37200000     0.01118282
    2.38100000     0.01102493
    2.39000000     0.01086413
    2.39900000     0.01070587
    2.40800000     0.01055010
    2.41700000     0.01039736
    2.42600000     0.01024646
    2.43500000     0.01009793
    2.44400000     0.00995172
    2.45300000     0.00980781
    2.46200000     0.00966623
    2.47100000     0.00952678
    2.48000000     0.00939484
    2.48900000     0.00925963
    2.49800000     0.00912654
    2.50700000     0.00899550
    2.51600000     0.00886704
    2.52500000     0.00874002
    2.53400000     0.00861496
    2.54300000     0.00849183
    2.55200000     0.00837059
    2.56100000     0.00825130
    2.57000000     0.00813907
    2.57900000     0.00802326
    2.58800000     0.00790923
    2.59700000     0.00779694
    2.60600000     0.00768636
    2.61500000     0.00757803
    2.62400000     0.00747079
    2.63300000     0.00736517
    2.64200000     0.00726117
    2.65100000     0.00716408
    2.66000000     0.00706321
    2.66900000     0.00696379
    2.67800000     0.00686586
    2.68700000     0.00676941
    2.69600000     0.00667441
    2.70500000     0.00658138
    2.71400000     0.00648922
    2.72300000     0.00639843
    2.73200000     0.00630900
    2.74100000     0.00622623
    2.75000000     0.00613938
    2.75900000     0.00605390
    2.76800000     0.00596962
    2.77700000     0.00588660
    2.78600000     0.00580480
    2.79500000     0.00572476
    2.80400000     0.00564537
    2.81300000     0.00556715
    2.82200000     0.00549010
    2.83100000     0.00541947
    2.84000000     0.00534460
    2.84900000     0.00527083
    2.85800000     0.00519822
    2.86700000     0.00512660
    2.87600000     0.00505603
    2.88500000     0.00498650
    2.89400000     0.00491851
    2.90300000     0.00485099
    2.91200000     0.00478445
    2.92100000     0.00472415
    2.93000000     0.00465948
    2.93900000     0.00459575
    2.94800000     0.00453293
    2.95700000     0.00447111
    2.96600000     0.00441011
    2.97500000     0.00434999
    2.98400000     0.00429126
    2.99300000     0.00423286
    3.00200000     0.00418060
    3.01100000     0.00412381
    3.02000000     0.00406783
    3.02900000     0.00401267
    3.03800000     0.00395829
    3.04700000     0.00390470
    3.05600000     0.00385194
    3.06500000     0.00379987
    3.07400000     0.00374906
    3.08300000     0.00369846
    3.09200000     0.00364858
    3.10100000     0.00359942
    3.11000000     0.00355095
    3.11900000     0.00350318
    3.12800000     0.00345609
    3.13700000     0.00340968
    3.14600000     0.00336398
    3.15500000     0.00331886
    3.16400000     0.00327490
    3.17300000     0.00323104
    3.18200000     0.00318781
    3.19100000     0.00314518
    3.20000000     0.00310316
    3.20900000     0.00306173
    3.21800000     0.00302089
    3.22700000     0.00298062
    3.23600000     0.00294092
    3.24500000     0.00290236
    3.25400000     0.00286375
    3.26300000     0.00282569
    3.27200000     0.00278816
    3.28100000     0.00275115
    3.29000000     0.00271466
    3.29900000     0.00267868
    3.30800000     0.00264320
    3.31700000     0.00260822
    3.32600000     0.00257373
    3.33500000     0.00254030
    3.34400000     0.00250675
    3.35300000     0.00247367
    3.36200000     0.00244104
    3.37100000     0.00240887
    3.38000000     0.00237715
    3.38900000     0.00234586
    3.39800000     0.00231500
    3.40700000     0.00228458
    3.41600000     0.00225457
    3.42500000     0.00222554
    3.43400000     0.00219636
    3.44300000     0.00216757
    3.45200000     0.00213918
    3.46100000     0.00211117
    3.47000000     0.00208355
    3.47900000     0.00205631
    3.48800000     0.00202944
    3.49700000     0.00200294
    3.50600000     0.00197731
    3.51500000     0.00195152
    3.52400000     0.00192616
    3.53300000     0.00190108
    3.54200000     0.00187634
    3.55100000     0.00185193
    3.56000000     0.00182786
    3.56900000     0.00180411
    3.57800000     0.00178069
    3.58700000     0.00175758
    3.59600000     0.00173528
    3.60500000     0.00171279
    3.61400000     0.00169068
    3.62300000     0.00166879
    3.63200000     0.00164722
    3.64100000     0.00162592
    3.65000000     0.00160491
    3.65900000     0.00158419
    3.66800000     0.00156374
    3.67700000     0.00154407
    3.68600000     0.00152417
    3.69500000     0.00150460
    3.70400000     0.00148523
    3.71300000     0.00146611
    3.72200000     0.00144727
    3.73100000     0.00142867
    3.74000000     0.00141032
    3.74900000     0.00139221
    3.75800000     0.00137484
    3.76700000     0.00135721
    3.77600000     0.00133982
    3.78500000     0.00132272
    3.79400000     0.00130579
    3.80300000     0.00128908
    3.81200000     0.00127260
    3.82100000     0.00125634
    3.83000000     0.00124029
    3.83900000     0.00122495
    3.84800000     0.00120932
    3.85700000     0.00119390
    3.86600000     0.00117868
    3.87500000     0.00116373
    3.88400000     0.00114891
    3.89300000     0.00113429
    3.90200000     0.00111987
    3.91100000     0.00110564
    3.92000000     0.00109208
    3.92900000     0.00107822
    3.93800000     0.00106453
    3.94700000     0.00105103
    3.95600000     0.00103770
    3.96500000     0.00102461
    3.97400000     0.00101164
    3.98300000     0.00099883
    3.99200000     0.00098619
    4.00100000     0.00097422
    4.01000000     0.00096191
    4.01900000     0.00094975
    4.02800000     0.00093776
    4.03700000     0.00092592
    4.04600000     0.00091431
    4.05500000     0.00090278
    4.06400000     0.00089140
    4.07300000     0.00088017
    4.08200000     0.00086909
    4.09100000     0.00085816
    4.10000000     0.00084737
    4.10900000     0.00083672
    4.11800000     0.00082620
    4.12700000     0.00081589
    4.13600000     0.00080564
    4.14500000     0.00079553
    4.15400000     0.00078556
    4.16300000     0.00077571
    4.17200000     0.00076599
    4.18100000     0.00075641
    4.19000000     0.00074694
    4.19900000     0.00073759
    4.20800000     0.00072836
    4.21700000     0.00071932
    4.22600000     0.00071033
    4.23500000     0.00070146
    4.24400000     0.00069270
    4.25300000     0.00068406
    4.26200000     0.00067553
    4.27100000     0.00066712
    4.28000000     0.00065880
    4.28900000     0.00065060
    4.29800000     0.00064256
    4.30700000     0.00063456
    4.31600000     0.00062667
    4.32500000     0.00061887
    4.33400000     0.00061118
    4.34300000     0.00060359
    4.35200000     0.00059609
    4.36100000     0.00058871
    4.37000000     0.00058140
    4.37900000     0.00057425
    4.38800000     0.00056713
    4.39700000     0.00056010
    4.40600000     0.00055317
    4.41500000     0.00054632
    4.42400000     0.00053956
    4.43300000     0.00053288
    4.44200000     0.00052629
    4.45100000     0.00051980
    4.46000000     0.00051344
    4.46900000     0.00050710
    4.47800000     0.00050084
    4.48700000     0.00049466
    4.49600000     0.00048855
    4.50500000     0.00048253
    4.51400000     0.00047658
    4.52300000     0.00047071
    4.53200000     0.00046493
    4.54100000     0.00045926
    4.55000000     0.00045361
    4.55900000     0.00044803
    4.56800000     0.00044253
    4.57700000     0.00043709
    4.58600000     0.00043172
    4.59500000     0.00042641
    4.60400000     0.00042118
    4.61300000     0.00041601
    4.62200000     0.00041098
    4.63100000     0.00040594
    4.64000000     0.00040097
    4.64900000     0.00039605
    4.65800000     0.00039120
    4.66700000     0.00038641
    4.67600000     0.00038168
    4.68500000     0.00037702
    4.69400000     0.00037247
    4.70300000     0.00036792
    4.71200000     0.00036343
    4.72100000     0.00035899
    4.73000000     0.00035461
    4.73900000     0.00035028
    4.74800000     0.00034600
    4.75700000     0.00034178
    4.76600000     0.00033762
    4.77500000     0.00033356
    4.78400000     0.00032951
    4.79300000     0.00032549
    4.80200000     0.00032153
    4.81100000     0.00031762
    4.82000000     0.00031376
    4.82900000     0.00030994
    4.83800000     0.00030617
    4.84700000     0.00030245
    4.85600000     0.00029884
    4.86500000     0.00029522
    4.87400000     0.00029163
    4.88300000     0.00028809
    4.89200000     0.00028460
    4.90100000     0.00028115
    4.91000000     0.00027774
    4.91900000     0.00027438
    4.92800000     0.00027111
    4.93700000     0.00026783
    4.94600000     0.00026460
    4.95500000     0.00026139
    4.96400000     0.00025823
    4.97300000     0.00025511
    4.98200000     0.00025203
    4.99100000     0.00024898
