    1.23540216    -0.00000000
    1.24293135    -0.00000000
    1.25046055     0.00000021
    1.25798974     0.00002078
    1.26551894     0.00021069
    1.27304814     0.00085092
    1.28057733     0.00216059
    1.28810653     0.00419983
    1.29563572     0.00690558
    1.30316492     0.01013729
    1.31069411     0.01374720
    1.31822331     0.01760177
    1.32575251     0.02158944
    1.33328170     0.02561636
    1.34081090     0.02954913
    1.34834009     0.03338846
    1.35586929     0.03709503
    1.36339848     0.04064810
    1.37092768     0.04403460
    1.37845687     0.04725453
    1.38598607     0.05030015
    1.39351527     0.05321970
    1.40104446     0.05593508
    1.40857366     0.05853688
    1.41610285     0.06099029
    1.42363205     0.06327492
    1.43116124     0.06547035
    1.43869044     0.06754850
    1.44621964     0.06949253
    1.45374883     0.07137769
    1.46127803     0.07318128
    1.46880722     0.07491415
    1.47633642     0.07658542
    1.48386561     0.07818203
    1.49139481     0.07977478
    1.49892401     0.08134637
    1.50645320     0.08291142
    1.51398240     0.08448633
    1.52151159     0.08603481
    1.52904079     0.08768156
    1.53656998     0.08940473
    1.54409918     0.09123348
    1.55162838     0.09321371
    1.55915757     0.09536873
    1.56668677     0.09781851
    1.57421596     0.09796564
    1.58174516     0.10070943
    1.58927435     0.10393867
    1.59680355     0.10783125
    1.60433275     0.11264908
    1.61186194     0.11879493
    1.61939114     0.12692250
    1.62692033     0.13816937
    1.63444953     0.15470858
    1.64197872     0.18127877
    1.64950792     0.22604601
    1.65703712     0.17628581
    1.66456631     0.14907373
    1.67209551     0.13173934
    1.67962470     0.11960342
    1.68715390     0.11053716
    1.69468309     0.10343384
    1.70221229     0.09766173
    1.70974149     0.09283441
    1.71727068     0.08870256
    1.72479988     0.08509828
    1.73232907     0.08190455
    1.73985827     0.07903737
    1.74738746     0.07839987
    1.75491666     0.07578817
    1.76244585     0.07339782
    1.76997505     0.07119283
    1.77750425     0.06916361
    1.78503344     0.06725085
    1.79256264     0.06545547
    1.80009183     0.06376481
    1.80762103     0.06216342
    1.81515022     0.06064329
    1.82267942     0.05919617
    1.83020862     0.05781533
    1.83773781     0.05649435
    1.84526701     0.05526344
    1.85279620     0.05404579
    1.86032540     0.05287511
    1.86785459     0.05174791
    1.87538379     0.05066121
    1.88291299     0.04961234
    1.89044218     0.04859892
    1.89797138     0.04761878
    1.90550057     0.04667000
    1.91302977     0.04575083
    1.92055896     0.04485967
    1.92808816     0.04399508
    1.93561736     0.04315571
    1.94314655     0.04235619
    1.95067575     0.04156349
    1.95820494     0.04079262
    1.96573414     0.04004411
    1.97326333     0.03931405
    1.98079253     0.03860311
    1.98832173     0.03791051
    1.99585092     0.03723571
    2.00338012     0.03657762
    2.01090931     0.03593579
    2.01843851     0.03530962
    2.02596770     0.03469856
    2.03349690     0.03410199
    2.04102610     0.03351945
    2.04855529     0.03295043
    2.05608449     0.03239449
    2.06361368     0.03185118
    2.07114288     0.03133467
    2.07867207     0.03081519
    2.08620127     0.03030716
    2.09373047     0.02981021
    2.10125966     0.02932532
    2.10878886     0.02884950
    2.11631805     0.02838377
    2.12384725     0.02792783
    2.13137644     0.02748159
    2.13890564     0.02704438
    2.14643483     0.02661615
    2.15396403     0.02619662
    2.16149323     0.02578556
    2.16902242     0.02538276
    2.17655162     0.02498793
    2.18408081     0.02461476
    2.19161001     0.02423512
    2.19913920     0.02386286
    2.20666840     0.02349780
    2.21419760     0.02313974
    2.22172679     0.02278974
    2.22925599     0.02244513
    2.23678518     0.02210701
    2.24431438     0.02177521
    2.25184357     0.02144957
    2.25937277     0.02113011
    2.26690197     0.02081634
    2.27443116     0.02050830
    2.28196036     0.02020585
    2.28948955     0.01992223
    2.29701875     0.01963041
    2.30454794     0.01934377
    2.31207714     0.01906222
    2.31960634     0.01878563
    2.32713553     0.01851390
    2.33466473     0.01824807
    2.34219392     0.01798571
    2.34972312     0.01772790
    2.35725231     0.01747451
    2.36478151     0.01722547
    2.37231071     0.01698082
    2.37983990     0.01674017
    2.38736910     0.01650359
    2.39489829     0.01628391
    2.40242749     0.01605502
    2.40995668     0.01582994
    2.41748588     0.01560860
    2.42501508     0.01539094
    2.43254427     0.01517684
    2.44007347     0.01496735
    2.44760266     0.01476018
    2.45513186     0.01455637
    2.46266105     0.01435586
    2.47019025     0.01415858
    2.47771945     0.01396448
    2.48524864     0.01377362
    2.49277784     0.01359834
    2.50030703     0.01341320
    2.50783623     0.01323098
    2.51536542     0.01305163
    2.52289462     0.01287511
    2.53042381     0.01270134
    2.53795301     0.01253029
    2.54548221     0.01236298
    2.55301140     0.01219718
    2.56054060     0.01203394
    2.56806979     0.01187322
    2.57559899     0.01171496
    2.58312818     0.01155912
    2.59065738     0.01141809
    2.59818658     0.01126693
    2.60571577     0.01111792
    2.61324497     0.01097116
    2.62077416     0.01082661
    2.62830336     0.01068423
    2.63583255     0.01054399
    2.64336175     0.01040686
    2.65089095     0.01027075
    2.65842014     0.01013668
    2.66594934     0.01000458
    2.67347853     0.00987442
    2.68100773     0.00974618
    2.68853692     0.00963202
    2.69606612     0.00950735
    2.70359532     0.00938462
    2.71112451     0.00926356
    2.71865371     0.00914425
    2.72618290     0.00902667
    2.73371210     0.00891079
    2.74124129     0.00879759
    2.74877049     0.00868501
    2.75629969     0.00857404
    2.76382888     0.00846466
    2.77135808     0.00835687
    2.77888727     0.00826272
    2.78641647     0.00815778
    2.79394566     0.00805433
    2.80147486     0.00795235
    2.80900406     0.00785193
    2.81653325     0.00775280
    2.82406245     0.00765506
    2.83159164     0.00755869
    2.83912084     0.00746465
    2.84665003     0.00737095
    2.85417923     0.00727855
    2.86170843     0.00718744
    2.86923762     0.00710964
    2.87676682     0.00702086
    2.88429601     0.00693334
    2.89182521     0.00684700
    2.89935440     0.00676185
    2.90688360     0.00667786
    2.91441279     0.00659515
    2.92194199     0.00651345
    2.92947119     0.00643287
    2.93700038     0.00635434
    2.94452958     0.00627593
    2.95205877     0.00619858
    2.95958797     0.00613424
    2.96711716     0.00605881
    2.97464636     0.00598439
    2.98217556     0.00591097
    2.98970475     0.00583857
    2.99723395     0.00576711
    3.00476314     0.00569662
    3.01229234     0.00562718
    3.01982153     0.00555856
    3.02735073     0.00549180
    3.03487993     0.00542498
    3.04240912     0.00535905
    3.04993832     0.00529400
    3.05746751     0.00522981
    3.06499671     0.00516646
    3.07252590     0.00510396
    3.08005510     0.00504228
    3.08758430     0.00498141
    3.09511349     0.00492136
    3.10264269     0.00486208
    3.11017188     0.00480369
    3.11770108     0.00474594
    3.12523027     0.00468988
    3.13275947     0.00463363
    3.14028867     0.00457811
    3.14781786     0.00452331
    3.15534706     0.00446922
    3.16287625     0.00441583
    3.17040545     0.00436313
    3.17793464     0.00431112
    3.18546384     0.00425977
    3.19299304     0.00420910
    3.20052223     0.00415908
    3.20805143     0.00410981
    3.21558062     0.00406197
    3.22310982     0.00401383
    3.23063901     0.00396630
    3.23816821     0.00391939
    3.24569741     0.00387307
    3.25322660     0.00382734
    3.26075580     0.00378220
    3.26828499     0.00373763
    3.27581419     0.00369362
    3.28334338     0.00365017
    3.29087258     0.00360727
    3.29840177     0.00356492
    3.30593097     0.00352413
    3.31346017     0.00348283
    3.32098936     0.00344204
    3.32851856     0.00340177
    3.33604775     0.00336201
    3.34357695     0.00332274
    3.35110614     0.00328397
    3.35863534     0.00324568
    3.36616454     0.00320787
    3.37369373     0.00317053
    3.38122293     0.00313366
    3.38875212     0.00309815
    3.39628132     0.00306229
    3.40381051     0.00302679
    3.41133971     0.00299171
    3.41886891     0.00295706
    3.42639810     0.00292284
    3.43392730     0.00288905
    3.44145649     0.00285567
    3.44898569     0.00282271
    3.45651488     0.00279015
    3.46404408     0.00275799
    3.47157328     0.00272623
    3.47910247     0.00269575
    3.48663167     0.00266475
    3.49416086     0.00263424
    3.50169006     0.00260402
    3.50921925     0.00257415
    3.51674845     0.00254464
    3.52427765     0.00251550
    3.53180684     0.00248671
    3.53933604     0.00245827
    3.54686523     0.00243017
    3.55439443     0.00240242
    3.56192362     0.00237589
    3.56945282     0.00234880
    3.57698202     0.00232204
    3.58451121     0.00229571
    3.59204041     0.00226958
    3.59956960     0.00224380
    3.60709880     0.00221830
    3.61462799     0.00219312
    3.62215719     0.00216824
    3.62968639     0.00214366
    3.63721558     0.00211937
    3.64474478     0.00209538
    3.65227397     0.00207254
    3.65980317     0.00204911
    3.66733236     0.00202596
    3.67486156     0.00200319
    3.68239075     0.00198059
    3.68991995     0.00195826
    3.69744915     0.00193621
    3.70497834     0.00191441
    3.71250754     0.00189287
    3.72003673     0.00187158
    3.72756593     0.00185055
    3.73509512     0.00183064
    3.74262432     0.00181010
    3.75015352     0.00178980
    3.75768271     0.00176974
    3.76521191     0.00175002
    3.77274110     0.00173043
    3.78027030     0.00171107
    3.78779949     0.00169194
    3.79532869     0.00167305
    3.80285789     0.00165437
    3.81038708     0.00163591
    3.81791628     0.00161854
    3.82544547     0.00160050
    3.83297467     0.00158268
    3.84050386     0.00156506
    3.84803306     0.00154775
    3.85556226     0.00153055
    3.86309145     0.00151354
    3.87062065     0.00149674
    3.87814984     0.00148013
    3.88567904     0.00146373
    3.89320823     0.00144750
    3.90073743     0.00143233
    3.90826663     0.00141648
    3.91579582     0.00140080
    3.92332502     0.00138531
    3.93085421     0.00137001
    3.93838341     0.00135498
    3.94591260     0.00134002
    3.95344180     0.00132523
    3.96097100     0.00131062
    3.96850019     0.00129618
    3.97602939     0.00128190
    3.98355858     0.00126867
    3.99108778     0.00125471
    3.99861697     0.00124092
    4.00614617     0.00122728
    4.01367537     0.00121380
    4.02120456     0.00120048
    4.02873376     0.00118741
    4.03626295     0.00117439
    4.04379215     0.00116152
    4.05132134     0.00114880
    4.05885054     0.00113622
    4.06637973     0.00112379
    4.07390893     0.00111152
    4.08143813     0.00109937
    4.08896732     0.00108736
    4.09649652     0.00107549
    4.10402571     0.00106376
    4.11155491     0.00105225
    4.11908410     0.00104078
    4.12661330     0.00102944
    4.13414250     0.00101824
    4.14167169     0.00100716
    4.14920089     0.00099620
    4.15673008     0.00098537
    4.16425928     0.00097468
    4.17178847     0.00096409
    4.17931767     0.00095362
    4.18684687     0.00094328
    4.19437606     0.00093315
    4.20190526     0.00092303
    4.20943445     0.00091303
    4.21696365     0.00090315
    4.22449284     0.00089337
    4.23202204     0.00088371
    4.23955124     0.00087416
    4.24708043     0.00086471
    4.25460963     0.00085538
    4.26213882     0.00084615
    4.26966802     0.00083702
    4.27719721     0.00082809
    4.28472641     0.00081916
    4.29225561     0.00081033
    4.29978480     0.00080161
    4.30731400     0.00079298
    4.31484319     0.00078444
    4.32237239     0.00077601
    4.32990158     0.00076767
    4.33743078     0.00075942
    4.34495998     0.00075128
    4.35248917     0.00074321
    4.36001837     0.00073533
    4.36754756     0.00072745
    4.37507676     0.00071965
    4.38260595     0.00071194
    4.39013515     0.00070431
    4.39766435     0.00069677
    4.40519354     0.00068932
    4.41272274     0.00068194
    4.42025193     0.00067466
    4.42778113     0.00066745
    4.43531032     0.00066033
    4.44283952     0.00065338
    4.45036871     0.00064640
    4.45789791     0.00063951
    4.46542711     0.00063269
    4.47295630     0.00062595
    4.48048550     0.00061928
    4.48801469     0.00061268
    4.49554389     0.00060616
    4.50307308     0.00059971
    4.51060228     0.00059334
    4.51813148     0.00058705
    4.52566067     0.00058090
    4.53318987     0.00057473
    4.54071906     0.00056863
    4.54824826     0.00056260
    4.55577745     0.00055663
    4.56330665     0.00055073
    4.57083585     0.00054489
    4.57836504     0.00053912
    4.58589424     0.00053341
    4.59342343     0.00052776
    4.60095263     0.00052229
    4.60848182     0.00051677
    4.61601102     0.00051130
    4.62354022     0.00050590
    4.63106941     0.00050055
    4.63859861     0.00049527
    4.64612780     0.00049004
    4.65365700     0.00048487
    4.66118619     0.00047976
    4.66871539     0.00047470
    4.67624459     0.00046970
    4.68377378     0.00046484
    4.69130298     0.00045996
    4.69883217     0.00045512
    4.70636137     0.00045033
    4.71389056     0.00044560
    4.72141976     0.00044091
    4.72894896     0.00043628
    4.73647815     0.00043170
    4.74400735     0.00042716
    4.75153654     0.00042268
    4.75906574     0.00041834
    4.76659493     0.00041395
    4.77412413     0.00040962
    4.78165333     0.00040533
    4.78918252     0.00040108
    4.79671172     0.00039688
    4.80424091     0.00039273
    4.81177011     0.00038862
    4.81929930     0.00038455
    4.82682850     0.00038053
    4.83435769     0.00037655
    4.84188689     0.00037271
    4.84941609     0.00036882
    4.85694528     0.00036498
    4.86447448     0.00036117
    4.87200367     0.00035741
    4.87953287     0.00035368
    4.88706206     0.00034999
    4.89459126     0.00034634
    4.90212046     0.00034273
    4.90964965     0.00033916
    4.91717885     0.00033572
    4.92470804     0.00033223
    4.93223724     0.00032877
    4.93976643     0.00032537
    4.94729563     0.00032199
    4.95482483     0.00031864
    4.96235402     0.00031533
    4.96988322     0.00031206
    4.97741241     0.00030882
    4.98494161     0.00030561
    4.99247080     0.00030253
